
  
   alpha    CL        CD       CDp       CM     Top_Xtr  Bot_Xtr
  ------ -------- --------- --------- -------- -------- --------
  -5.000  -0.8200   0.01194   0.00934  -0.0329   0.9214   0.0195
  -4.900  -0.8122   0.01103   0.00826  -0.0306   0.9113   0.0199
  -4.800  -0.8021   0.01026   0.00732  -0.0285   0.9020   0.0200
  -4.700  -0.7904   0.00965   0.00655  -0.0265   0.8925   0.0199
  -4.600  -0.7765   0.00918   0.00594  -0.0247   0.8827   0.0195
  -4.500  -0.7611   0.00882   0.00546  -0.0231   0.8737   0.0188
  -4.400  -0.7446   0.00857   0.00510  -0.0217   0.8637   0.0178
  -4.300  -0.7244   0.00864   0.00515  -0.0211   0.8541   0.0151
  -4.200  -0.7130   0.00770   0.00389  -0.0177   0.8436   0.0235
  -4.000  -0.6764   0.00747   0.00352  -0.0156   0.8225   0.0262
  -3.700  -0.6220   0.00720   0.00309  -0.0131   0.7914   0.0320
  -3.600  -0.6039   0.00714   0.00297  -0.0123   0.7810   0.0338
  -3.500  -0.5863   0.00705   0.00284  -0.0116   0.7697   0.0373
  -3.400  -0.5685   0.00698   0.00273  -0.0109   0.7582   0.0404
  -3.300  -0.5508   0.00692   0.00263  -0.0103   0.7473   0.0438
  -3.200  -0.5334   0.00684   0.00252  -0.0097   0.7359   0.0479
  -3.000  -0.4986   0.00671   0.00232  -0.0086   0.7135   0.0571
  -2.800  -0.4643   0.00657   0.00214  -0.0076   0.6910   0.0691
  -2.600  -0.4302   0.00644   0.00197  -0.0067   0.6679   0.0829
  -2.500  -0.4133   0.00638   0.00189  -0.0063   0.6573   0.0917
  -2.400  -0.3964   0.00633   0.00181  -0.0059   0.6455   0.0988
  -2.300  -0.3796   0.00625   0.00174  -0.0055   0.6344   0.1089
  -2.200  -0.3629   0.00619   0.00167  -0.0051   0.6240   0.1193
  -2.000  -0.3296   0.00607   0.00154  -0.0044   0.6014   0.1398
  -1.900  -0.3130   0.00600   0.00148  -0.0041   0.5908   0.1521
  -1.800  -0.2965   0.00594   0.00142  -0.0038   0.5798   0.1650
  -1.700  -0.2799   0.00591   0.00137  -0.0035   0.5681   0.1754
  -1.500  -0.2468   0.00580   0.00127  -0.0029   0.5461   0.2000
  -1.400  -0.2304   0.00576   0.00123  -0.0027   0.5351   0.2121
  -1.300  -0.2139   0.00571   0.00119  -0.0024   0.5243   0.2248
  -1.200  -0.1975   0.00567   0.00116  -0.0022   0.5136   0.2380
  -1.100  -0.1808   0.00565   0.00113  -0.0020   0.5032   0.2485
  -0.900  -0.1480   0.00558   0.00107  -0.0016   0.4807   0.2744
  -0.800  -0.1315   0.00555   0.00105  -0.0014   0.4702   0.2856
  -0.700  -0.1152   0.00553   0.00103  -0.0012   0.4586   0.2982
  -0.600  -0.0987   0.00551   0.00101  -0.0010   0.4472   0.3104
  -0.500  -0.0821   0.00550   0.00100  -0.0009   0.4372   0.3215
  -0.400  -0.0658   0.00548   0.00098  -0.0007   0.4261   0.3347
  -0.300  -0.0494   0.00547   0.00098  -0.0005   0.4143   0.3459
  -0.200  -0.0329   0.00546   0.00097  -0.0003   0.4033   0.3574
  -0.100  -0.0164   0.00546   0.00097  -0.0002   0.3919   0.3689
   0.000   0.0000   0.00546   0.00096  -0.0000   0.3802   0.3802
   0.100   0.0164   0.00546   0.00097   0.0002   0.3680   0.3921
   0.200   0.0329   0.00546   0.00097   0.0003   0.3575   0.4031
   0.300   0.0494   0.00547   0.00098   0.0005   0.3456   0.4139
   0.400   0.0658   0.00548   0.00098   0.0007   0.3341   0.4253
   0.500   0.0821   0.00550   0.00100   0.0008   0.3211   0.4367
   0.600   0.0987   0.00551   0.00101   0.0010   0.3107   0.4474
   0.700   0.1152   0.00553   0.00103   0.0012   0.2992   0.4585
   0.800   0.1316   0.00555   0.00105   0.0014   0.2859   0.4697
   0.900   0.1481   0.00558   0.00107   0.0016   0.2745   0.4804
   1.000   0.1644   0.00562   0.00110   0.0018   0.2604   0.4916
   1.100   0.1809   0.00564   0.00113   0.0020   0.2489   0.5033
   1.200   0.1975   0.00567   0.00116   0.0022   0.2377   0.5140
   1.300   0.2140   0.00571   0.00119   0.0024   0.2254   0.5243
   1.400   0.2304   0.00576   0.00123   0.0027   0.2121   0.5359
   1.500   0.2469   0.00580   0.00127   0.0029   0.2001   0.5465
   1.700   0.2800   0.00590   0.00137   0.0035   0.1755   0.5680
   1.800   0.2966   0.00595   0.00142   0.0038   0.1645   0.5797
   1.900   0.3130   0.00601   0.00148   0.0041   0.1514   0.5906
   2.000   0.3296   0.00607   0.00154   0.0044   0.1398   0.6011
   2.100   0.3463   0.00613   0.00160   0.0047   0.1297   0.6126
   2.200   0.3630   0.00619   0.00167   0.0051   0.1192   0.6239
   2.300   0.3797   0.00625   0.00174   0.0054   0.1089   0.6343
   2.400   0.3965   0.00633   0.00181   0.0058   0.0988   0.6458
   2.500   0.4134   0.00638   0.00189   0.0062   0.0917   0.6577
   2.600   0.4302   0.00644   0.00197   0.0067   0.0826   0.6686
   2.700   0.4471   0.00652   0.00206   0.0071   0.0743   0.6801
   2.800   0.4644   0.00657   0.00214   0.0076   0.0691   0.6915
   2.900   0.4814   0.00665   0.00224   0.0081   0.0618   0.7026
   3.000   0.4988   0.00670   0.00232   0.0086   0.0576   0.7134
   3.200   0.5336   0.00684   0.00252   0.0097   0.0479   0.7356
   3.300   0.5509   0.00692   0.00263   0.0103   0.0436   0.7472
   3.400   0.5687   0.00698   0.00273   0.0109   0.0404   0.7580
   3.500   0.5864   0.00705   0.00284   0.0116   0.0373   0.7694
   3.600   0.6041   0.00714   0.00297   0.0123   0.0338   0.7806
   3.700   0.6222   0.00720   0.00309   0.0130   0.0319   0.7914
   3.900   0.6582   0.00738   0.00337   0.0147   0.0275   0.8129
   4.000   0.6766   0.00747   0.00352   0.0156   0.0262   0.8231
   4.200   0.7132   0.00770   0.00389   0.0177   0.0235   0.8437
   4.300   0.7313   0.00787   0.00415   0.0189   0.0226   0.8533
   4.400   0.7489   0.00810   0.00448   0.0203   0.0222   0.8631
   4.600   0.7812   0.00879   0.00545   0.0237   0.0221   0.8821
   4.700   0.7948   0.00931   0.00613   0.0258   0.0220   0.8919
   4.800   0.8062   0.00997   0.00696   0.0279   0.0219   0.9013
   4.900   0.8159   0.01077   0.00794   0.0302   0.0216   0.9109
   5.000   0.8236   0.01167   0.00903   0.0324   0.0212   0.9210
