
  
   alpha    CL        CD       CDp       CM     Top_Xtr  Bot_Xtr
  ------ -------- --------- --------- -------- -------- --------
 -10.000  -0.5065   0.09362   0.09288  -0.0555   0.9977   0.0174
  -9.900  -0.5066   0.09142   0.09069  -0.0570   0.9975   0.0177
  -9.800  -0.5069   0.08918   0.08845  -0.0585   0.9973   0.0179
  -9.700  -0.5070   0.08693   0.08620  -0.0601   0.9971   0.0184
  -9.600  -0.5068   0.08475   0.08402  -0.0616   0.9969   0.0187
  -9.500  -0.5079   0.08241   0.08168  -0.0633   0.9967   0.0188
  -9.400  -0.5087   0.08008   0.07935  -0.0650   0.9965   0.0189
  -9.300  -0.5096   0.07773   0.07700  -0.0667   0.9963   0.0190
  -9.200  -0.5100   0.07545   0.07472  -0.0684   0.9961   0.0193
  -9.100  -0.5117   0.07296   0.07223  -0.0703   0.9958   0.0194
  -9.000  -0.5127   0.07054   0.06981  -0.0722   0.9956   0.0195
  -8.900  -0.5150   0.06804   0.06732  -0.0741   0.9953   0.0196
  -8.800  -0.5168   0.06557   0.06485  -0.0760   0.9950   0.0197
  -8.700  -0.5190   0.06292   0.06220  -0.0783   0.9946   0.0199
  -8.600  -0.5212   0.06023   0.05950  -0.0806   0.9942   0.0199
  -8.500  -0.5243   0.05759   0.05687  -0.0826   0.9939   0.0200
  -8.400  -0.5574   0.06525   0.06452  -0.0752   0.9873   0.0200
  -8.300  -0.5536   0.06128   0.06054  -0.0824   0.9939   0.0204
  -8.200  -0.5555   0.05861   0.05787  -0.0849   0.9935   0.0206
  -8.100  -0.5578   0.05584   0.05509  -0.0876   0.9929   0.0208
  -8.000  -0.5686   0.05458   0.05383  -0.0849   0.9855   0.0209
  -7.900  -0.5721   0.05192   0.05115  -0.0875   0.9849   0.0211
  -7.800  -0.5755   0.04943   0.04864  -0.0900   0.9844   0.0212
  -7.700  -0.5791   0.04691   0.04610  -0.0926   0.9836   0.0214
  -7.600  -0.5833   0.04444   0.04359  -0.0952   0.9826   0.0215
  -7.500  -0.5874   0.04217   0.04128  -0.0973   0.9816   0.0216
  -7.400  -0.5919   0.03994   0.03902  -0.0994   0.9800   0.0218
  -7.300  -0.5978   0.03814   0.03719  -0.1001   0.9786   0.0220
  -7.200  -0.6044   0.03635   0.03535  -0.1007   0.9753   0.0222
  -7.100  -0.6111   0.03455   0.03352  -0.1013   0.9724   0.0223
  -7.000  -0.6180   0.03287   0.03179  -0.1016   0.9685   0.0224
  -6.900  -0.6249   0.03127   0.03013  -0.1016   0.9627   0.0225
  -6.800  -0.6322   0.02972   0.02852  -0.1013   0.9554   0.0226
  -6.700  -0.6388   0.02827   0.02699  -0.1009   0.9462   0.0227
  -6.600  -0.6455   0.02683   0.02546  -0.1004   0.9349   0.0227
  -6.500  -0.6513   0.02543   0.02397  -0.1000   0.9250   0.0229
  -6.400  -0.6564   0.02407   0.02251  -0.0995   0.9151   0.0230
  -6.300  -0.6618   0.02271   0.02105  -0.0989   0.9055   0.0231
  -6.200  -0.6656   0.02145   0.01969  -0.0981   0.8974   0.0233
  -6.100  -0.6689   0.02022   0.01836  -0.0973   0.8899   0.0234
  -6.000  -0.6713   0.01905   0.01709  -0.0963   0.8826   0.0236
  -5.900  -0.6730   0.01794   0.01587  -0.0951   0.8758   0.0238
  -5.800  -0.6742   0.01689   0.01470  -0.0937   0.8670   0.0241
  -5.600  -0.6730   0.01508   0.01268  -0.0905   0.8539   0.0247
  -5.500  -0.6720   0.01429   0.01178  -0.0886   0.8482   0.0251
  -5.400  -0.6712   0.01357   0.01097  -0.0865   0.8428   0.0255
  -5.300  -0.6721   0.01296   0.01027  -0.0840   0.8366   0.0258
  -5.200  -0.6719   0.01233   0.00954  -0.0817   0.8286   0.0262
  -5.100  -0.6665   0.01157   0.00868  -0.0802   0.8228   0.0266
  -5.000  -0.6582   0.01081   0.00782  -0.0792   0.8186   0.0270
  -4.900  -0.6459   0.01013   0.00704  -0.0785   0.8124   0.0275
  -4.800  -0.6301   0.00957   0.00639  -0.0781   0.8084   0.0280
  -4.700  -0.6120   0.00914   0.00589  -0.0778   0.8025   0.0287
  -4.600  -0.5925   0.00882   0.00551  -0.0776   0.7988   0.0293
  -4.400  -0.5521   0.00834   0.00492  -0.0773   0.7867   0.0300
  -4.300  -0.5318   0.00812   0.00465  -0.0772   0.7820   0.0307
  -4.200  -0.5115   0.00792   0.00440  -0.0772   0.7780   0.0314
  -4.100  -0.4915   0.00775   0.00420  -0.0771   0.7718   0.0327
  -4.000  -0.4716   0.00762   0.00403  -0.0769   0.7676   0.0336
  -3.900  -0.4518   0.00749   0.00388  -0.0768   0.7621   0.0347
  -3.800  -0.4321   0.00737   0.00372  -0.0767   0.7575   0.0357
  -3.600  -0.3929   0.00718   0.00347  -0.0765   0.7456   0.0382
  -3.500  -0.3735   0.00709   0.00336  -0.0764   0.7395   0.0390
  -3.400  -0.3541   0.00701   0.00326  -0.0764   0.7338   0.0396
  -3.300  -0.3348   0.00694   0.00316  -0.0763   0.7279   0.0400
  -3.200  -0.3155   0.00687   0.00306  -0.0763   0.7214   0.0411
  -3.100  -0.2963   0.00678   0.00295  -0.0763   0.7172   0.0434
  -3.000  -0.2772   0.00670   0.00285  -0.0764   0.7117   0.0458
  -2.900  -0.2580   0.00662   0.00276  -0.0764   0.7084   0.0476
  -2.800  -0.2388   0.00655   0.00268  -0.0765   0.7047   0.0491
  -2.600  -0.2009   0.00642   0.00253  -0.0766   0.6956   0.0531
  -2.500  -0.1820   0.00635   0.00245  -0.0767   0.6903   0.0565
  -2.400  -0.1631   0.00629   0.00238  -0.0768   0.6853   0.0585
  -2.300  -0.1444   0.00625   0.00232  -0.0769   0.6781   0.0597
  -2.200  -0.1260   0.00623   0.00227  -0.0769   0.6690   0.0612
  -2.100  -0.1075   0.00619   0.00221  -0.0770   0.6596   0.0650
  -2.000  -0.0894   0.00617   0.00216  -0.0771   0.6421   0.0678
  -1.800  -0.0532   0.00612   0.00205  -0.0773   0.6106   0.0820
  -1.700  -0.0355   0.00613   0.00201  -0.0773   0.5874   0.0882
  -1.600  -0.0186   0.00621   0.00200  -0.0772   0.5537   0.0918
  -1.500  -0.0034   0.00641   0.00203  -0.0769   0.4868   0.0962
  -1.400   0.0113   0.00662   0.00206  -0.0766   0.4188   0.1002
  -1.200   0.0434   0.00681   0.00205  -0.0764   0.3325   0.1184
  -1.100   0.0605   0.00680   0.00202  -0.0764   0.3057   0.1362
  -1.000   0.0773   0.00681   0.00200  -0.0765   0.2739   0.1575
  -0.900   0.0945   0.00681   0.00199  -0.0765   0.2575   0.1694
  -0.800   0.1120   0.00677   0.00196  -0.0767   0.2381   0.1946
  -0.700   0.1286   0.00680   0.00196  -0.0766   0.2143   0.2092
  -0.600   0.1454   0.00683   0.00196  -0.0765   0.1964   0.2205
  -0.500   0.1623   0.00681   0.00195  -0.0766   0.1746   0.2438
  -0.400   0.1802   0.00668   0.00190  -0.0770   0.1586   0.2956
  -0.300   0.1975   0.00665   0.00189  -0.0770   0.1479   0.3184
  -0.200   0.2149   0.00659   0.00187  -0.0771   0.1398   0.3454
  -0.100   0.2328   0.00645   0.00183  -0.0774   0.1330   0.3950
   0.000   0.2499   0.00637   0.00181  -0.0775   0.1236   0.4311
   0.100   0.2671   0.00624   0.00177  -0.0776   0.1161   0.4779
   0.200   0.2838   0.00615   0.00176  -0.0775   0.1091   0.5207
   0.300   0.3004   0.00612   0.00178  -0.0773   0.1040   0.5449
   0.400   0.3170   0.00615   0.00181  -0.0770   0.0986   0.5538
   0.500   0.3332   0.00621   0.00185  -0.0766   0.0899   0.5596
   0.600   0.3494   0.00626   0.00190  -0.0762   0.0828   0.5657
   0.700   0.3657   0.00631   0.00195  -0.0757   0.0770   0.5718
   0.800   0.3820   0.00636   0.00200  -0.0753   0.0721   0.5778
   0.900   0.3985   0.00641   0.00204  -0.0748   0.0687   0.5814
   1.000   0.4149   0.00646   0.00210  -0.0744   0.0654   0.5855
   1.100   0.4312   0.00652   0.00215  -0.0739   0.0611   0.5876
   1.200   0.4477   0.00658   0.00220  -0.0734   0.0587   0.5894
   1.300   0.4641   0.00663   0.00226  -0.0728   0.0561   0.5918
   1.400   0.4804   0.00669   0.00232  -0.0723   0.0539   0.5946
   1.500   0.4968   0.00675   0.00238  -0.0717   0.0512   0.5977
   1.600   0.5134   0.00681   0.00244  -0.0711   0.0498   0.5988
   1.700   0.5301   0.00686   0.00250  -0.0705   0.0494   0.6002
   1.800   0.5468   0.00691   0.00256  -0.0699   0.0486   0.6016
   1.900   0.5633   0.00697   0.00262  -0.0693   0.0476   0.6029
   2.000   0.5798   0.00703   0.00269  -0.0686   0.0463   0.6044
   2.100   0.5962   0.00709   0.00276  -0.0678   0.0448   0.6061
   2.200   0.6127   0.00716   0.00283  -0.0671   0.0439   0.6073
   2.300   0.6292   0.00723   0.00291  -0.0663   0.0427   0.6091
   2.500   0.6621   0.00737   0.00308  -0.0646   0.0403   0.6115
   2.600   0.6788   0.00744   0.00317  -0.0637   0.0398   0.6130
   2.700   0.6956   0.00750   0.00325  -0.0628   0.0396   0.6141
   2.800   0.7125   0.00757   0.00334  -0.0619   0.0391   0.6151
   2.900   0.7293   0.00764   0.00342  -0.0609   0.0385   0.6159
   3.000   0.7462   0.00771   0.00351  -0.0599   0.0375   0.6172
   3.100   0.7630   0.00779   0.00360  -0.0588   0.0359   0.6181
   3.200   0.7797   0.00788   0.00370  -0.0577   0.0341   0.6189
   3.300   0.7962   0.00798   0.00381  -0.0564   0.0322   0.6197
   3.400   0.8125   0.00809   0.00395  -0.0551   0.0302   0.6207
   3.500   0.8288   0.00820   0.00410  -0.0537   0.0294   0.6225
   3.600   0.8448   0.00833   0.00427  -0.0521   0.0287   0.6234
   3.700   0.8600   0.00850   0.00449  -0.0504   0.0280   0.6245
   3.800   0.8739   0.00873   0.00479  -0.0483   0.0275   0.6254
   3.900   0.8857   0.00904   0.00518  -0.0460   0.0272   0.6266
   4.000   0.8950   0.00945   0.00567  -0.0433   0.0269   0.6270
   4.100   0.9025   0.00995   0.00627  -0.0404   0.0266   0.6282
   4.200   0.9087   0.01055   0.00699  -0.0375   0.0262   0.6286
   4.300   0.9151   0.01125   0.00780  -0.0348   0.0259   0.6294
   4.400   0.9217   0.01208   0.00876  -0.0323   0.0254   0.6299
   4.600   0.9325   0.01411   0.01105  -0.0276   0.0245   0.6318
   4.700   0.9351   0.01519   0.01226  -0.0251   0.0241   0.6329
   4.800   0.9355   0.01627   0.01346  -0.0225   0.0238   0.6336
   4.900   0.9339   0.01736   0.01465  -0.0197   0.0235   0.6342
   5.000   0.9306   0.01842   0.01581  -0.0168   0.0233   0.6352
   5.100   0.9253   0.01944   0.01692  -0.0137   0.0232   0.6359
   5.200   0.9194   0.02043   0.01799  -0.0106   0.0230   0.6367
   5.300   0.9125   0.02145   0.01908  -0.0076   0.0229   0.6373
   5.400   0.9053   0.02247   0.02017  -0.0048   0.0228   0.6379
   5.500   0.8973   0.02353   0.02130  -0.0020   0.0227   0.6387
   5.600   0.8891   0.02461   0.02243   0.0006   0.0226   0.6394
   5.700   0.8809   0.02569   0.02357   0.0031   0.0226   0.6399
   5.800   0.8718   0.02685   0.02479   0.0053   0.0225   0.6401
   5.900   0.8631   0.02801   0.02600   0.0074   0.0224   0.6414
   6.000   0.8539   0.02924   0.02729   0.0092   0.0223   0.6421
   6.100   0.8449   0.03051   0.02860   0.0108   0.0223   0.6427
   6.200   0.8359   0.03184   0.02997   0.0122   0.0221   0.6433
   6.300   0.8267   0.03323   0.03141   0.0133   0.0221   0.6440
   6.400   0.8180   0.03468   0.03289   0.0141   0.0219   0.6445
   6.500   0.8092   0.03620   0.03445   0.0147   0.0218   0.6452
   6.600   0.8010   0.03778   0.03606   0.0150   0.0216   0.6457
   6.700   0.7924   0.03948   0.03780   0.0150   0.0215   0.6463
   6.800   0.7844   0.04123   0.03958   0.0147   0.0214   0.6468
   6.900   0.7764   0.04311   0.04149   0.0141   0.0213   0.6473
   7.000   0.7685   0.04512   0.04352   0.0131   0.0212   0.6478
   7.100   0.7616   0.04719   0.04561   0.0120   0.0211   0.6481
   7.200   0.7551   0.04939   0.04783   0.0105   0.0209   0.6486
   7.300   0.7492   0.05172   0.05018   0.0087   0.0208   0.6490
   7.400   0.7444   0.05416   0.05265   0.0066   0.0207   0.6493
   7.500   0.7406   0.05685   0.05535   0.0041   0.0205   0.6496
   7.600   0.7370   0.06000   0.05849   0.0009   0.0202   0.6499
   7.700   0.7308   0.06298   0.06147  -0.0019   0.0199   0.6501
   7.800   0.7269   0.06550   0.06399  -0.0039   0.0198   0.6507
   7.900   0.7232   0.06796   0.06645  -0.0059   0.0197   0.6513
   8.000   0.7195   0.07042   0.06890  -0.0078   0.0197   0.6518
   8.100   0.7164   0.07281   0.07130  -0.0097   0.0196   0.6523
   8.200   0.7133   0.07523   0.07372  -0.0115   0.0195   0.6528
   8.300   0.7111   0.07756   0.07604  -0.0133   0.0193   0.6533
   8.400   0.7091   0.07989   0.07837  -0.0150   0.0192   0.6537
   8.500   0.7078   0.08218   0.08066  -0.0167   0.0191   0.6541
   8.600   0.7062   0.08454   0.08302  -0.0185   0.0190   0.6546
   8.700   0.7047   0.08692   0.08540  -0.0202   0.0188   0.6550
   8.800   0.7040   0.08923   0.08771  -0.0219   0.0186   0.6554
   8.900   0.7036   0.09154   0.09002  -0.0236   0.0184   0.6559
   9.000   0.7032   0.09388   0.09237  -0.0252   0.0182   0.6563
   9.100   0.7034   0.09618   0.09466  -0.0269   0.0179   0.6567
   9.200   0.7038   0.09850   0.09698  -0.0285   0.0175   0.6571
   9.300   0.7038   0.10090   0.09937  -0.0301   0.0172   0.6575
   9.400   0.7042   0.10327   0.10175  -0.0318   0.0170   0.6578
   9.500   0.7051   0.10560   0.10408  -0.0333   0.0165   0.6582
   9.600   0.7062   0.10794   0.10641  -0.0349   0.0162   0.6585
   9.700   0.7073   0.11031   0.10878  -0.0365   0.0156   0.6589
   9.800   0.7083   0.11274   0.11121  -0.0381   0.0151   0.6592
   9.900   0.7097   0.11514   0.11361  -0.0396   0.0147   0.6594
  10.000   0.7111   0.11756   0.11603  -0.0412   0.0142   0.6597
