  
  
   alpha    CL        CD       CDp       CM     Top_Xtr  Bot_Xtr
  ------ -------- --------- --------- -------- -------- --------
  -5.000  -0.2526   0.01001   0.00671  -0.1407   0.8483   0.0398
  -4.900  -0.2315   0.00984   0.00652  -0.1412   0.8452   0.0401
  -4.800  -0.2105   0.00969   0.00635  -0.1417   0.8422   0.0403
  -4.700  -0.1897   0.00955   0.00618  -0.1422   0.8389   0.0405
  -4.600  -0.1679   0.00938   0.00599  -0.1429   0.8354   0.0413
  -4.500  -0.1465   0.00921   0.00581  -0.1436   0.8311   0.0428
  -4.400  -0.1250   0.00906   0.00564  -0.1443   0.8267   0.0447
  -4.300  -0.1034   0.00891   0.00547  -0.1451   0.8219   0.0461
  -4.200  -0.0818   0.00877   0.00531  -0.1459   0.8183   0.0472
  -4.100  -0.0599   0.00863   0.00516  -0.1467   0.8148   0.0484
  -4.000  -0.0388   0.00851   0.00503  -0.1474   0.8095   0.0496
  -3.700   0.0245   0.00819   0.00462  -0.1498   0.7771   0.0592
  -3.600   0.0455   0.00811   0.00451  -0.1505   0.7681   0.0606
  -3.500   0.0665   0.00802   0.00440  -0.1513   0.7554   0.0645
  -3.400   0.0850   0.00802   0.00431  -0.1516   0.7274   0.0679
  -3.300   0.1013   0.00810   0.00427  -0.1515   0.6895   0.0703
  -3.200   0.1143   0.00829   0.00428  -0.1509   0.6284   0.0744
  -3.100   0.1287   0.00846   0.00429  -0.1505   0.5704   0.0781
  -2.900   0.1647   0.00858   0.00421  -0.1513   0.4935   0.0897
  -2.800   0.1823   0.00866   0.00419  -0.1515   0.4609   0.0923
  -2.700   0.2016   0.00869   0.00415  -0.1520   0.4309   0.0967
  -2.600   0.2211   0.00871   0.00411  -0.1526   0.4082   0.1003
  -2.500   0.2413   0.00873   0.00406  -0.1534   0.3803   0.1068
  -2.400   0.2621   0.00875   0.00401  -0.1544   0.3485   0.1170
  -2.300   0.2838   0.00877   0.00395  -0.1558   0.3073   0.1336
  -2.200   0.3028   0.00884   0.00394  -0.1563   0.2727   0.1411
  -2.100   0.3239   0.00886   0.00391  -0.1572   0.2496   0.1492
  -2.000   0.3491   0.00881   0.00383  -0.1593   0.2221   0.1703
  -1.900   0.3702   0.00885   0.00382  -0.1603   0.1930   0.1838
  -1.800   0.3928   0.00884   0.00379  -0.1615   0.1746   0.1996
  -1.700   0.4143   0.00888   0.00380  -0.1625   0.1492   0.2153
  -1.600   0.4394   0.00882   0.00376  -0.1643   0.1395   0.2403
  -1.500   0.4678   0.00871   0.00370  -0.1669   0.1287   0.2765
  -1.400   0.4941   0.00863   0.00366  -0.1689   0.1168   0.3099
  -1.300   0.5198   0.00858   0.00365  -0.1708   0.1016   0.3464
  -1.200   0.5450   0.00851   0.00363  -0.1725   0.0957   0.3793
  -1.100   0.5680   0.00848   0.00364  -0.1737   0.0901   0.4048
  -1.000   0.5929   0.00840   0.00363  -0.1752   0.0870   0.4390
  -0.900   0.6234   0.00823   0.00359  -0.1782   0.0763   0.5136
  -0.800   0.6436   0.00824   0.00364  -0.1786   0.0710   0.5392
  -0.700   0.6619   0.00829   0.00370  -0.1784   0.0682   0.5486
  -0.600   0.6795   0.00835   0.00377  -0.1781   0.0659   0.5535
  -0.500   0.6966   0.00842   0.00385  -0.1777   0.0628   0.5581
  -0.400   0.7137   0.00850   0.00392  -0.1773   0.0592   0.5622
  -0.300   0.7311   0.00856   0.00399  -0.1769   0.0579   0.5653
  -0.200   0.7482   0.00863   0.00407  -0.1764   0.0557   0.5690
  -0.100   0.7647   0.00873   0.00416  -0.1758   0.0525   0.5706
   0.000   0.7816   0.00882   0.00424  -0.1752   0.0493   0.5721
   0.100   0.7987   0.00889   0.00433  -0.1746   0.0484   0.5735
   0.200   0.8158   0.00897   0.00441  -0.1740   0.0476   0.5748
   0.300   0.8326   0.00906   0.00450  -0.1734   0.0465   0.5761
   0.400   0.8492   0.00915   0.00460  -0.1726   0.0449   0.5774
   0.500   0.8660   0.00924   0.00469  -0.1719   0.0441   0.5784
   0.600   0.8829   0.00933   0.00479  -0.1712   0.0436   0.5794
   0.700   0.8997   0.00942   0.00489  -0.1704   0.0429   0.5802
   0.800   0.9166   0.00952   0.00500  -0.1695   0.0424   0.5811
   0.900   0.9335   0.00961   0.00511  -0.1687   0.0418   0.5824
   1.000   0.9505   0.00971   0.00522  -0.1679   0.0415   0.5837
   1.100   0.9673   0.00981   0.00534  -0.1669   0.0411   0.5853
   1.200   0.9831   0.00992   0.00547  -0.1657   0.0407   0.5865
   1.300   0.9977   0.01003   0.00561  -0.1643   0.0405   0.5878
   1.400   1.0118   0.01015   0.00575  -0.1628   0.0401   0.5888
   1.500   1.0265   0.01028   0.00591  -0.1613   0.0396   0.5897
   1.600   1.0425   0.01041   0.00606  -0.1600   0.0394   0.5905
   1.700   1.0594   0.01054   0.00621  -0.1589   0.0392   0.5916
   1.800   1.0764   0.01067   0.00637  -0.1577   0.0390   0.5927
   1.900   1.0933   0.01082   0.00655  -0.1564   0.0386   0.5943
   2.000   1.1099   0.01099   0.00675  -0.1550   0.0381   0.5955
   2.100   1.1260   0.01118   0.00698  -0.1535   0.0374   0.5962
   2.200   1.1416   0.01140   0.00724  -0.1518   0.0368   0.5969
   2.300   1.1564   0.01167   0.00756  -0.1499   0.0363   0.5979
   2.400   1.1702   0.01199   0.00795  -0.1478   0.0359   0.5986
   2.500   1.1822   0.01240   0.00842  -0.1454   0.0357   0.5991
   2.600   1.1926   0.01288   0.00899  -0.1427   0.0356   0.5996
   2.700   1.2012   0.01347   0.00966  -0.1398   0.0355   0.6002
   2.800   1.2087   0.01417   0.01047  -0.1368   0.0353   0.6010
   2.900   1.2155   0.01503   0.01145  -0.1336   0.0347   0.6017
   3.000   1.2230   0.01606   0.01262  -0.1307   0.0337   0.6027
   3.100   1.2316   0.01721   0.01392  -0.1281   0.0324   0.6036
   3.200   1.2397   0.01841   0.01526  -0.1256   0.0314   0.6042
   3.300   1.2458   0.01963   0.01660  -0.1231   0.0306   0.6047
   3.400   1.2494   0.02087   0.01796  -0.1204   0.0301   0.6054
   3.500   1.2506   0.02214   0.01935  -0.1175   0.0296   0.6059
   3.600   1.2499   0.02340   0.02072  -0.1146   0.0292   0.6065
   3.700   1.2478   0.02469   0.02210  -0.1116   0.0288   0.6069
   3.800   1.2441   0.02602   0.02351  -0.1086   0.0284   0.6074
   3.900   1.2395   0.02738   0.02496  -0.1057   0.0280   0.6078
   4.000   1.2341   0.02877   0.02643  -0.1028   0.0276   0.6082
   4.100   1.2278   0.03022   0.02795  -0.1001   0.0272   0.6085
   4.200   1.2211   0.03170   0.02951  -0.0975   0.0268   0.6089
   4.300   1.2137   0.03324   0.03112  -0.0950   0.0264   0.6092
   4.400   1.2059   0.03485   0.03279  -0.0927   0.0261   0.6094
   4.500   1.1978   0.03650   0.03451  -0.0906   0.0258   0.6097
   4.600   1.1892   0.03825   0.03631  -0.0888   0.0254   0.6099
   4.700   1.1809   0.04002   0.03815  -0.0871   0.0252   0.6101
   4.800   1.1722   0.04188   0.04007  -0.0857   0.0249   0.6102
   4.900   1.1630   0.04385   0.04208  -0.0846   0.0246   0.6104
   5.000   1.1538   0.04589   0.04417  -0.0837   0.0244   0.6105
