1.56608e+00, 1.64714e+00, -2.94945e-02, 1.00000e+00, 2.27343e-01
1.56366e+00, 1.64714e+00, -3.41865e-02, 9.97846e-01, 5.97449e-02
1.56208e+00, 1.64714e+00, -3.58270e-02, 9.96444e-01, 6.78999e-02
1.55798e+00, 1.64714e+00, -3.50190e-02, 9.92801e-01, 8.00613e-02
1.54825e+00, 1.64714e+00, -3.30172e-02, 9.84148e-01, 1.21073e-01
1.53476e+00, 1.64714e+00, -3.12426e-02, 9.72155e-01, 2.34205e-01
1.53457e+00, 1.64714e+00, -3.12169e-02, 9.71983e-01, 2.35592e-01
1.53438e+00, 1.64714e+00, -3.11967e-02, 9.71810e-01, 2.36780e-01
1.52243e+00, 1.64714e+00, -2.99381e-02, 9.61189e-01, 3.17573e-01
1.51751e+00, 1.64714e+00, -2.95311e-02, 9.56812e-01, 3.33311e-01
1.50923e+00, 1.64714e+00, -2.89479e-02, 9.49453e-01, 3.64030e-01
1.50475e+00, 1.64714e+00, -2.86604e-02, 9.45468e-01, 3.76954e-01
1.49511e+00, 1.64714e+00, -2.81523e-02, 9.36903e-01, 3.82804e-01
1.48751e+00, 1.64714e+00, -2.79303e-02, 9.30143e-01, 3.83283e-01
1.48091e+00, 1.64714e+00, -2.77922e-02, 9.24275e-01, 3.92438e-01
1.46651e+00, 1.64714e+00, -2.79445e-02, 9.11468e-01, 3.93001e-01
1.46380e+00, 1.64714e+00, -2.79698e-02, 9.09058e-01, 3.93427e-01
1.46152e+00, 1.64714e+00, -2.80432e-02, 9.07039e-01, 3.92161e-01
1.45016e+00, 1.64714e+00, -2.83894e-02, 8.96931e-01, 3.82698e-01
1.44394e+00, 1.64714e+00, -2.86985e-02, 8.91400e-01, 3.82529e-01
1.43474e+00, 1.64714e+00, -2.92559e-02, 8.83224e-01, 3.73470e-01
1.42865e+00, 1.64714e+00, -2.97066e-02, 8.77810e-01, 3.65769e-01
1.41919e+00, 1.64714e+00, -3.04319e-02, 8.69395e-01, 3.60676e-01
1.40733e+00, 1.64714e+00, -3.14953e-02, 8.58857e-01, 3.45482e-01
1.40439e+00, 1.64714e+00, -3.17643e-02, 8.56236e-01, 3.40597e-01
1.39857e+00, 1.64714e+00, -3.23969e-02, 8.51061e-01, 3.34520e-01
1.39127e+00, 1.64714e+00, -3.31902e-02, 8.44573e-01, 3.26735e-01
1.38884e+00, 1.64714e+00, -3.34544e-02, 8.42416e-01, 3.21988e-01
1.37892e+00, 1.64714e+00, -3.45706e-02, 8.33591e-01, 3.05995e-01
1.37324e+00, 1.64714e+00, -3.52474e-02, 8.28547e-01, 2.96214e-01
1.36517e+00, 1.64714e+00, -3.62694e-02, 8.21371e-01, 2.76860e-01
1.35390e+00, 1.64714e+00, -3.77827e-02, 8.11346e-01, 2.59724e-01
1.34960e+00, 1.64714e+00, -3.83755e-02, 8.07523e-01, 2.53851e-01
1.33274e+00, 1.64714e+00, -4.06912e-02, 7.92536e-01, 2.28915e-01
1.32962e+00, 1.64714e+00, -4.11308e-02, 7.89762e-01, 2.23849e-01
1.31975e+00, 1.64714e+00, -4.25529e-02, 7.80986e-01, 2.05727e-01
1.31351e+00, 1.64714e+00, -4.34741e-02, 7.75442e-01, 1.92052e-01
1.30198e+00, 1.64714e+00, -4.52202e-02, 7.65186e-01, 1.69730e-01
1.29446e+00, 1.64714e+00, -4.63835e-02, 7.58500e-01, 1.55195e-01
1.28772e+00, 1.64714e+00, -4.74471e-02, 7.52506e-01, 1.40605e-01
1.27676e+00, 1.64714e+00, -4.91721e-02, 7.42764e-01, 1.18094e-01
1.27194e+00, 1.64714e+00, -4.99318e-02, 7.38475e-01, 1.07805e-01
1.25980e+00, 1.64714e+00, -5.18424e-02, 7.27686e-01, 8.65748e-02
1.25509e+00, 1.64714e+00, -5.25850e-02, 7.23494e-01, 7.78710e-02
1.24162e+00, 1.64714e+00, -5.47051e-02, 7.11524e-01, 5.45686e-02
1.23936e+00, 1.64714e+00, -5.50619e-02, 7.09510e-01, 5.02051e-02
1.23704e+00, 1.64714e+00, -5.54273e-02, 7.07448e-01, 4.56399e-02
1.22610e+00, 1.64714e+00, -5.71504e-02, 6.97719e-01, 2.01192e-02
1.22118e+00, 1.64714e+00, -5.79249e-02, 6.93347e-01, 1.05695e-02
1.21074e+00, 1.64714e+00, -5.95728e-02, 6.84062e-01, -1.64207e-02
1.20768e+00, 1.64714e+00, -6.00563e-02, 6.81342e-01, -2.50444e-02
1.19724e+00, 1.64714e+00, -6.16363e-02, 6.72065e-01, -5.57017e-02
1.19312e+00, 1.64714e+00, -6.22648e-02, 6.68399e-01, -6.76312e-02
1.19219e+00, 1.64714e+00, -6.24021e-02, 6.67574e-01, -6.98878e-02
1.18871e+00, 1.64714e+00, -6.29149e-02, 6.64483e-01, -7.71272e-02
1.17701e+00, 1.64714e+00, -6.46421e-02, 6.54072e-01, -1.01587e-01
1.16916e+00, 1.64714e+00, -6.57860e-02, 6.47094e-01, -1.23068e-01
1.16336e+00, 1.64714e+00, -6.66312e-02, 6.41942e-01, -1.38560e-01
1.15468e+00, 1.64714e+00, -6.77847e-02, 6.34220e-01, -1.50046e-01
1.14979e+00, 1.64714e+00, -6.84354e-02, 6.29876e-01, -1.56320e-01
1.14814e+00, 1.64714e+00, -6.86473e-02, 6.28410e-01, -1.60135e-01
1.13909e+00, 1.64714e+00, -6.97916e-02, 6.20364e-01, -1.85595e-01
1.13092e+00, 1.64714e+00, -7.08273e-02, 6.13098e-01, -2.08948e-01
1.12926e+00, 1.64714e+00, -7.10252e-02, 6.11626e-01, -2.12277e-01
1.11667e+00, 1.64714e+00, -7.25083e-02, 6.00432e-01, -2.40926e-01
1.11176e+00, 1.64714e+00, -7.30745e-02, 5.96062e-01, -2.53019e-01
1.10218e+00, 1.64714e+00, -7.41427e-02, 5.87544e-01, -2.70823e-01
1.09300e+00, 1.64714e+00, -7.50645e-02, 5.79386e-01, -2.77963e-01
1.08970e+00, 1.64714e+00, -7.54037e-02, 5.76451e-01, -2.80554e-01
1.08671e+00, 1.64714e+00, -7.56785e-02, 5.73794e-01, -2.87161e-01
1.07909e+00, 1.64714e+00, -7.63672e-02, 5.67013e-01, -3.04109e-01
1.06862e+00, 1.64714e+00, -7.72060e-02, 5.57711e-01, -3.06165e-01
1.06616e+00, 1.64714e+00, -7.74013e-02, 5.55520e-01, -3.06892e-01
1.04783e+00, 1.64714e+00, -7.87911e-02, 5.39226e-01, -3.43811e-01
1.04714e+00, 1.64714e+00, -7.88440e-02, 5.38607e-01, -3.45184e-01
1.04698e+00, 1.64714e+00, -7.88540e-02, 5.38469e-01, -3.45417e-01
1.02648e+00, 1.64714e+00, -8.00543e-02, 5.20238e-01, -3.51006e-01
1.02462e+00, 1.64714e+00, -8.01501e-02, 5.18585e-01, -3.49655e-01
1.00826e+00, 1.64714e+00, -8.09310e-02, 5.04039e-01, -3.60024e-01
1.00494e+00, 1.64714e+00, -8.10733e-02, 5.01090e-01, -3.63420e-01
9.91816e-01, 1.64714e+00, -8.15384e-02, 4.89420e-01, -3.73652e-01
9.85943e-01, 1.64714e+00, -8.17016e-02, 4.84198e-01, -3.69110e-01
9.78974e-01, 1.64714e+00, -8.18439e-02, 4.78002e-01, -3.60641e-01
9.70612e-01, 1.64714e+00, -8.19966e-02, 4.70567e-01, -3.52028e-01
9.64324e-01, 1.64714e+00, -8.20917e-02, 4.64977e-01, -3.46293e-01
9.56290e-01, 1.64714e+00, -8.22100e-02, 4.57834e-01, -3.40132e-01
9.51583e-01, 1.64714e+00, -8.22498e-02, 4.53649e-01, -3.42462e-01
9.40001e-01, 1.64714e+00, -8.23393e-02, 4.43351e-01, -3.48113e-01
9.34681e-01, 1.64714e+00, -8.23434e-02, 4.38621e-01, -3.47013e-01
9.27379e-01, 1.64714e+00, -8.23295e-02, 4.32128e-01, -3.43432e-01
9.20700e-01, 1.64714e+00, -8.23132e-02, 4.26190e-01, -3.39539e-01
9.13502e-01, 1.64714e+00, -8.22861e-02, 4.19791e-01, -3.36848e-01
9.04992e-01, 1.64714e+00, -8.21835e-02, 4.12224e-01, -3.31388e-01
8.99825e-01, 1.64714e+00, -8.21213e-02, 4.07630e-01, -3.27456e-01
8.96419e-01, 1.64714e+00, -8.20826e-02, 4.04602e-01, -3.29040e-01
8.87515e-01, 1.64714e+00, -8.19816e-02, 3.96686e-01, -3.29679e-01
8.79039e-01, 1.64714e+00, -8.18537e-02, 3.89149e-01, -3.31774e-01
8.74626e-01, 1.64714e+00, -8.17615e-02, 3.85226e-01, -3.33147e-01
8.61603e-01, 1.64714e+00, -8.14778e-02, 3.73647e-01, -3.30673e-01
8.59098e-01, 1.64714e+00, -8.14107e-02, 3.71420e-01, -3.28480e-01
8.54489e-01, 1.64714e+00, -8.12676e-02, 3.67322e-01, -3.25105e-01
8.44539e-01, 1.64714e+00, -8.09612e-02, 3.58476e-01, -3.15338e-01
8.38500e-01, 1.64714e+00, -8.07620e-02, 3.53106e-01, -3.12594e-01
8.29715e-01, 1.64714e+00, -8.04201e-02, 3.45295e-01, -3.11171e-01
8.18876e-01, 1.64714e+00, -7.99657e-02, 3.35659e-01, -3.12555e-01
8.13924e-01, 1.64714e+00, -7.97599e-02, 3.31256e-01, -3.11752e-01
8.09568e-01, 1.64714e+00, -7.95752e-02, 3.27383e-01, -3.09831e-01
7.97575e-01, 1.64714e+00, -7.90339e-02, 3.16720e-01, -3.02159e-01
7.94372e-01, 1.64714e+00, -7.88674e-02, 3.13872e-01, -3.01289e-01
7.89205e-01, 1.64714e+00, -7.85996e-02, 3.09278e-01, -3.02922e-01
7.79993e-01, 1.64714e+00, -7.81206e-02, 3.01088e-01, -3.05004e-01
7.64561e-01, 1.64714e+00, -7.72842e-02, 2.87367e-01, -2.99200e-01
7.63702e-01, 1.64714e+00, -7.72379e-02, 2.86603e-01, -2.98951e-01
7.63134e-01, 1.64714e+00, -7.72028e-02, 2.86098e-01, -2.99039e-01
7.48940e-01, 1.64714e+00, -7.63274e-02, 2.73478e-01, -3.05324e-01
7.38521e-01, 1.64714e+00, -7.56043e-02, 2.64215e-01, -3.02695e-01
7.36034e-01, 1.64714e+00, -7.54269e-02, 2.62003e-01, -3.01482e-01
7.26742e-01, 1.64714e+00, -7.47522e-02, 2.53742e-01, -2.90407e-01
7.22311e-01, 1.64714e+00, -7.44307e-02, 2.49802e-01, -2.84580e-01
7.20750e-01, 1.64714e+00, -7.43111e-02, 2.48415e-01, -2.83891e-01
7.09043e-01, 1.64714e+00, -7.33544e-02, 2.38006e-01, -2.81353e-01
7.00977e-01, 1.64714e+00, -7.26794e-02, 2.30834e-01, -2.71280e-01
6.95922e-01, 1.64714e+00, -7.22357e-02, 2.26340e-01, -2.64567e-01
6.83589e-01, 1.64714e+00, -7.10980e-02, 2.15375e-01, -2.58447e-01
6.82311e-01, 1.64714e+00, -7.09807e-02, 2.14238e-01, -2.57943e-01
6.80037e-01, 1.64714e+00, -7.07740e-02, 2.12217e-01, -2.55772e-01
6.69880e-01, 1.64714e+00, -6.98475e-02, 2.03186e-01, -2.48596e-01
6.63415e-01, 1.64714e+00, -6.92160e-02, 1.97438e-01, -2.49773e-01
6.56583e-01, 1.64714e+00, -6.85267e-02, 1.91364e-01, -2.46753e-01
6.47983e-01, 1.64714e+00, -6.76495e-02, 1.83718e-01, -2.41918e-01
6.35037e-01, 1.64714e+00, -6.62438e-02, 1.72207e-01, -2.49077e-01
6.34547e-01, 1.64714e+00, -6.61906e-02, 1.71772e-01, -2.49274e-01
6.21401e-01, 1.64714e+00, -6.46011e-02, 1.60083e-01, -2.35847e-01
6.18265e-01, 1.64714e+00, -6.42200e-02, 1.57295e-01, -2.33562e-01
6.03870e-01, 1.64714e+00, -6.23847e-02, 1.44497e-01, -2.37727e-01
5.97997e-01, 1.64714e+00, -6.16229e-02, 1.39275e-01, -2.42271e-01
5.90295e-01, 1.64714e+00, -6.05172e-02, 1.32427e-01, -2.36924e-01
5.85065e-01, 1.64714e+00, -5.97694e-02, 1.27777e-01, -2.30353e-01
5.75560e-01, 1.64714e+00, -5.82956e-02, 1.19326e-01, -2.08888e-01
5.71028e-01, 1.64714e+00, -5.75879e-02, 1.15297e-01, -1.99426e-01
5.63606e-01, 1.64714e+00, -5.63378e-02, 1.08698e-01, -1.97661e-01
5.57494e-01, 1.64714e+00, -5.53129e-02, 1.03263e-01, -1.96394e-01
5.55677e-01, 1.64714e+00, -5.50024e-02, 1.01648e-01, -1.95912e-01
5.48956e-01, 1.64714e+00, -5.37712e-02, 9.56719e-02, -1.86389e-01
5.38350e-01, 1.64714e+00, -5.18353e-02, 8.62428e-02, -1.70239e-01
5.35783e-01, 1.64714e+00, -5.13308e-02, 8.39604e-02, -1.73942e-01
5.29361e-01, 1.64714e+00, -4.99597e-02, 7.82503e-02, -1.47557e-01
5.18754e-01, 1.64714e+00, -4.77644e-02, 6.88196e-02, -1.27861e-01
5.15222e-01, 1.64714e+00, -4.69539e-02, 6.56792e-02, -1.11741e-01
5.05803e-01, 1.64714e+00, -4.45692e-02, 5.73052e-02, -1.08862e-01
5.00522e-01, 1.64714e+00, -4.32363e-02, 5.26098e-02, -1.02244e-01
4.98763e-01, 1.64714e+00, -4.27347e-02, 5.10455e-02, -1.03967e-01
4.88385e-01, 1.64714e+00, -3.97017e-02, 4.18182e-02, -5.76856e-02
4.85747e-01, 1.64714e+00, -3.88327e-02, 3.94731e-02, -2.54063e-02
4.77532e-01, 1.64714e+00, -3.56178e-02, 3.21694e-02, 4.26010e-02
4.70572e-01, 1.64714e+00, -3.29861e-02, 2.59808e-02, 1.14665e-01
4.67327e-01, 1.64714e+00, -3.15858e-02, 2.30959e-02, 1.25698e-01
4.57087e-01, 1.64714e+00, -2.54364e-02, 1.39917e-02, 3.48104e-01
4.53369e-01, 1.64714e+00, -2.29763e-02, 1.06862e-02, 4.38345e-01
4.49691e-01, 1.64714e+00, -1.90426e-02, 7.41521e-03, 5.87080e-01
4.44945e-01, 1.64714e+00, -1.40611e-02, 3.19597e-03, 7.43558e-01
4.43371e-01, 1.64714e+00, -7.97663e-03, 1.79683e-03, 7.51913e-01
4.41350e-01, 1.64714e+00, 0.00000e+00, 0.00000e+00, 7.73900e-01
4.45891e-01, 1.64714e+00, 1.33116e-02, 4.03697e-03, 4.48422e-01
4.46366e-01, 1.64714e+00, 1.44722e-02, 4.45944e-03, 4.14955e-01
4.46917e-01, 1.64714e+00, 1.50062e-02, 4.94890e-03, 3.54710e-01
4.51057e-01, 1.64714e+00, 1.92087e-02, 8.63048e-03, -1.22187e-01
4.60392e-01, 1.64714e+00, 2.51508e-02, 1.69302e-02, -5.41173e-01
4.64023e-01, 1.64714e+00, 2.74659e-02, 2.01578e-02, -6.67659e-01
4.75630e-01, 1.64714e+00, 3.23363e-02, 3.04782e-02, -7.55395e-01
4.78989e-01, 1.64714e+00, 3.34433e-02, 3.34644e-02, -8.25271e-01
4.95789e-01, 1.64714e+00, 3.79338e-02, 4.84013e-02, -8.68391e-01
4.96703e-01, 1.64714e+00, 3.81600e-02, 4.92139e-02, -8.61304e-01
4.98431e-01, 1.64714e+00, 3.85022e-02, 5.07502e-02, -8.64464e-01
5.13257e-01, 1.64714e+00, 4.14367e-02, 6.39325e-02, -8.59258e-01
5.23412e-01, 1.64714e+00, 4.30986e-02, 7.29609e-02, -8.06161e-01
5.23422e-01, 1.64714e+00, 4.31003e-02, 7.29702e-02, -8.06106e-01
5.23449e-01, 1.64714e+00, 4.31043e-02, 7.29943e-02, -8.06020e-01
5.33805e-01, 1.64714e+00, 4.46167e-02, 8.22013e-02, -7.83233e-01
5.38277e-01, 1.64714e+00, 4.51885e-02, 8.61778e-02, -7.68822e-01
5.53273e-01, 1.64714e+00, 4.69599e-02, 9.95109e-02, -7.50676e-01
5.56796e-01, 1.64714e+00, 4.73208e-02, 1.02643e-01, -7.45728e-01
5.62506e-01, 1.64714e+00, 4.78642e-02, 1.07720e-01, -7.29652e-01
5.71542e-01, 1.64714e+00, 4.87457e-02, 1.15753e-01, -6.93510e-01
5.80734e-01, 1.64714e+00, 4.94957e-02, 1.23926e-01, -6.66863e-01
5.90163e-01, 1.64714e+00, 5.02703e-02, 1.32310e-01, -6.53115e-01
6.03742e-01, 1.64714e+00, 5.12063e-02, 1.44383e-01, -6.39832e-01
6.09168e-01, 1.64714e+00, 5.15779e-02, 1.49207e-01, -6.31758e-01
6.12913e-01, 1.64714e+00, 5.18076e-02, 1.52537e-01, -6.35846e-01
6.23278e-01, 1.64714e+00, 5.24372e-02, 1.61752e-01, -6.42469e-01
6.34172e-01, 1.64714e+00, 5.30768e-02, 1.71438e-01, -6.39836e-01
6.34259e-01, 1.64714e+00, 5.30817e-02, 1.71515e-01, -6.39796e-01
6.50723e-01, 1.64714e+00, 5.38657e-02, 1.86154e-01, -6.36337e-01
6.51527e-01, 1.64714e+00, 5.39001e-02, 1.86869e-01, -6.36372e-01
6.52451e-01, 1.64714e+00, 5.39355e-02, 1.87690e-01, -6.34903e-01
6.69701e-01, 1.64714e+00, 5.45888e-02, 2.03027e-01, -6.07854e-01
6.71717e-01, 1.64714e+00, 5.46546e-02, 2.04819e-01, -6.04667e-01
6.81464e-01, 1.64714e+00, 5.49302e-02, 2.13485e-01, -5.93900e-01
6.87156e-01, 1.64714e+00, 5.50916e-02, 2.18546e-01, -5.87482e-01
6.88289e-01, 1.64714e+00, 5.51235e-02, 2.19554e-01, -5.86518e-01
7.01888e-01, 1.64714e+00, 5.55081e-02, 2.31644e-01, -5.86226e-01
7.05938e-01, 1.64714e+00, 5.56156e-02, 2.35246e-01, -5.88144e-01
7.19641e-01, 1.64714e+00, 5.58273e-02, 2.47428e-01, -5.69490e-01
7.21013e-01, 1.64714e+00, 5.58456e-02, 2.48649e-01, -5.66554e-01
7.38912e-01, 1.64714e+00, 5.59889e-02, 2.64562e-01, -5.49654e-01
7.39755e-01, 1.64714e+00, 5.59957e-02, 2.65312e-01, -5.49118e-01
7.40592e-01, 1.64714e+00, 5.60029e-02, 2.66056e-01, -5.48567e-01
7.57877e-01, 1.64714e+00, 5.61556e-02, 2.81424e-01, -5.37743e-01
7.59776e-01, 1.64714e+00, 5.61631e-02, 2.83113e-01, -5.37298e-01
7.70484e-01, 1.64714e+00, 5.61665e-02, 2.92633e-01, -5.39926e-01
7.77828e-01, 1.64714e+00, 5.61530e-02, 2.99163e-01, -5.35213e-01
7.84234e-01, 1.64714e+00, 5.61425e-02, 3.04858e-01, -5.28480e-01
7.93586e-01, 1.64714e+00, 5.60341e-02, 3.13173e-01, -5.21165e-01
7.99982e-01, 1.64714e+00, 5.59600e-02, 3.18860e-01, -5.15921e-01
8.03467e-01, 1.64714e+00, 5.59199e-02, 3.21958e-01, -5.12982e-01
8.14497e-01, 1.64714e+00, 5.57920e-02, 3.31765e-01, -5.03965e-01
8.20072e-01, 1.64714e+00, 5.57304e-02, 3.36722e-01, -5.03971e-01
8.26669e-01, 1.64714e+00, 5.56584e-02, 3.42587e-01, -5.05072e-01
8.29266e-01, 1.64714e+00, 5.56151e-02, 3.44897e-01, -5.03507e-01
8.34850e-01, 1.64714e+00, 5.54959e-02, 3.49861e-01, -4.98573e-01
8.42959e-01, 1.64714e+00, 5.53308e-02, 3.57071e-01, -4.90009e-01
8.47377e-01, 1.64714e+00, 5.52350e-02, 3.60999e-01, -4.89211e-01
8.57766e-01, 1.64714e+00, 5.50105e-02, 3.70236e-01, -4.89701e-01
8.64557e-01, 1.64714e+00, 5.48678e-02, 3.76273e-01, -4.90574e-01
8.71394e-01, 1.64714e+00, 5.47246e-02, 3.82352e-01, -4.90570e-01
8.82790e-01, 1.64714e+00, 5.43815e-02, 3.92485e-01, -4.85038e-01
8.88844e-01, 1.64714e+00, 5.42043e-02, 3.97867e-01, -4.82612e-01
8.90742e-01, 1.64714e+00, 5.41435e-02, 3.99555e-01, -4.80556e-01
8.95371e-01, 1.64714e+00, 5.39974e-02, 4.03670e-01, -4.77292e-01
9.05683e-01, 1.64714e+00, 5.36717e-02, 4.12839e-01, -4.69898e-01
9.17554e-01, 1.64714e+00, 5.32987e-02, 4.23394e-01, -4.76290e-01
9.19860e-01, 1.64714e+00, 5.32266e-02, 4.25444e-01, -4.77269e-01
9.21079e-01, 1.64714e+00, 5.31777e-02, 4.26527e-01, -4.77442e-01
9.31485e-01, 1.64714e+00, 5.27474e-02, 4.35780e-01, -4.76672e-01
9.36236e-01, 1.64714e+00, 5.25497e-02, 4.40003e-01, -4.74952e-01
9.42791e-01, 1.64714e+00, 5.22772e-02, 4.45832e-01, -4.72940e-01
9.55334e-01, 1.64714e+00, 5.17560e-02, 4.56983e-01, -4.70799e-01
9.55770e-01, 1.64714e+00, 5.17380e-02, 4.57372e-01, -4.70678e-01
9.56921e-01, 1.64714e+00, 5.16846e-02, 4.58394e-01, -4.70827e-01
9.70016e-01, 1.64714e+00, 5.10931e-02, 4.70037e-01, -4.72539e-01
9.74346e-01, 1.64714e+00, 5.08840e-02, 4.73887e-01, -4.71599e-01
9.80698e-01, 1.64714e+00, 5.05547e-02, 4.79535e-01, -4.65869e-01
9.87419e-01, 1.64714e+00, 5.02066e-02, 4.85511e-01, -4.60656e-01
9.96009e-01, 1.64714e+00, 4.97627e-02, 4.93148e-01, -4.62277e-01
1.00308e+00, 1.64714e+00, 4.93685e-02, 4.99438e-01, -4.63055e-01
1.01815e+00, 1.64714e+00, 4.84390e-02, 5.12832e-01, -4.62917e-01
1.01876e+00, 1.64714e+00, 4.84012e-02, 5.13378e-01, -4.62997e-01
1.02009e+00, 1.64714e+00, 4.83181e-02, 5.14558e-01, -4.62677e-01
1.03469e+00, 1.64714e+00, 4.74135e-02, 5.27538e-01, -4.58222e-01
1.04294e+00, 1.64714e+00, 4.68243e-02, 5.34878e-01, -4.53343e-01
1.04837e+00, 1.64714e+00, 4.64323e-02, 5.39704e-01, -4.49204e-01
1.05490e+00, 1.64714e+00, 4.59681e-02, 5.45507e-01, -4.47480e-01
1.06210e+00, 1.64714e+00, 4.54555e-02, 5.51905e-01, -4.45958e-01
1.06997e+00, 1.64714e+00, 4.48548e-02, 5.58903e-01, -4.43084e-01
1.07432e+00, 1.64714e+00, 4.45173e-02, 5.62775e-01, -4.42187e-01
1.08763e+00, 1.64714e+00, 4.34243e-02, 5.74605e-01, -4.38424e-01
1.08883e+00, 1.64714e+00, 4.33253e-02, 5.75676e-01, -4.38154e-01
1.08902e+00, 1.64714e+00, 4.33094e-02, 5.75848e-01, -4.38069e-01
1.08926e+00, 1.64714e+00, 4.32903e-02, 5.76057e-01, -4.37848e-01
1.10340e+00, 1.64714e+00, 4.21258e-02, 5.88625e-01, -4.27368e-01
1.10627e+00, 1.64714e+00, 4.18649e-02, 5.91177e-01, -4.27999e-01
1.11825e+00, 1.64714e+00, 4.07657e-02, 6.01831e-01, -4.26071e-01
1.12327e+00, 1.64714e+00, 4.02979e-02, 6.06293e-01, -4.21972e-01
1.13251e+00, 1.64714e+00, 3.93775e-02, 6.14513e-01, -4.12274e-01
1.13888e+00, 1.64714e+00, 3.87260e-02, 6.20176e-01, -4.03023e-01
1.14576e+00, 1.64714e+00, 3.80271e-02, 6.26288e-01, -3.95843e-01
1.15466e+00, 1.64714e+00, 3.71255e-02, 6.34203e-01, -3.89496e-01
1.16015e+00, 1.64714e+00, 3.65394e-02, 6.39082e-01, -3.85400e-01
1.16850e+00, 1.64714e+00, 3.56158e-02, 6.46508e-01, -3.82080e-01
1.17635e+00, 1.64714e+00, 3.47304e-02, 6.53486e-01, -3.74590e-01
1.18663e+00, 1.64714e+00, 3.35388e-02, 6.62633e-01, -3.61270e-01
1.19487e+00, 1.64714e+00, 3.25315e-02, 6.69954e-01, -3.54034e-01
1.20145e+00, 1.64714e+00, 3.17256e-02, 6.75810e-01, -3.50705e-01
1.20750e+00, 1.64714e+00, 3.09927e-02, 6.81184e-01, -3.38157e-01
1.21590e+00, 1.64714e+00, 2.99548e-02, 6.88651e-01, -3.26129e-01
1.22972e+00, 1.64714e+00, 2.81350e-02, 7.00940e-01, -3.12931e-01
1.23060e+00, 1.64714e+00, 2.80200e-02, 7.01722e-01, -3.12157e-01
1.23094e+00, 1.64714e+00, 2.79748e-02, 7.02026e-01, -3.11636e-01
1.24879e+00, 1.64714e+00, 2.56193e-02, 7.17893e-01, -2.87434e-01
1.25219e+00, 1.64714e+00, 2.51727e-02, 7.20916e-01, -2.84860e-01
1.26802e+00, 1.64714e+00, 2.30003e-02, 7.34993e-01, -2.69774e-01
1.26973e+00, 1.64714e+00, 2.27662e-02, 7.36517e-01, -2.68121e-01
1.27037e+00, 1.64714e+00, 2.26764e-02, 7.37079e-01, -2.67449e-01
1.28670e+00, 1.64714e+00, 2.03577e-02, 7.51599e-01, -2.49501e-01
1.30185e+00, 1.64714e+00, 1.81274e-02, 7.65068e-01, -2.30507e-01
1.30292e+00, 1.64714e+00, 1.79702e-02, 7.66019e-01, -2.29000e-01
1.30356e+00, 1.64714e+00, 1.78716e-02, 7.66594e-01, -2.27964e-01
1.30650e+00, 1.64714e+00, 1.74248e-02, 7.69202e-01, -2.24329e-01
1.31900e+00, 1.64714e+00, 1.55197e-02, 7.80319e-01, -2.06660e-01
1.32419e+00, 1.64714e+00, 1.47322e-02, 7.84932e-01, -2.01168e-01
1.33411e+00, 1.64714e+00, 1.32271e-02, 7.93757e-01, -1.93762e-01
1.34395e+00, 1.64714e+00, 1.16698e-02, 8.02500e-01, -1.81739e-01
1.34844e+00, 1.64714e+00, 1.09570e-02, 8.06498e-01, -1.75574e-01
1.35276e+00, 1.64714e+00, 1.02556e-02, 8.10335e-01, -1.69300e-01
1.35991e+00, 1.64714e+00, 9.09362e-03, 8.16697e-01, -1.59604e-01
1.37942e+00, 1.64714e+00, 5.93675e-03, 8.34037e-01, -1.36101e-01
1.38005e+00, 1.64714e+00, 5.83348e-03, 8.34604e-01, -1.35316e-01
1.38021e+00, 1.64714e+00, 5.80893e-03, 8.34738e-01, -1.35180e-01
1.38047e+00, 1.64714e+00, 5.76472e-03, 8.34969e-01, -1.34836e-01
1.39940e+00, 1.64714e+00, 2.54491e-03, 8.51800e-01, -1.09585e-01
1.40493e+00, 1.64714e+00, 1.59115e-03, 8.56719e-01, -1.01487e-01
1.41805e+00, 1.64714e+00, -6.69262e-04, 8.68383e-01, -8.61761e-02
1.42252e+00, 1.64714e+00, -1.43864e-03, 8.72361e-01, -8.02553e-02
1.43353e+00, 1.64714e+00, -3.36567e-03, 8.82147e-01, -6.51068e-02
1.44006e+00, 1.64714e+00, -4.55474e-03, 8.87954e-01, -5.72721e-02
1.45004e+00, 1.64714e+00, -6.38078e-03, 8.96827e-01, -4.07579e-02
1.46242e+00, 1.64714e+00, -8.63940e-03, 9.07833e-01, -2.10032e-02
1.46440e+00, 1.64714e+00, -9.00019e-03, 9.09591e-01, -1.71884e-02
1.46708e+00, 1.64714e+00, -9.49711e-03, 9.11974e-01, -1.24351e-02
1.47935e+00, 1.64714e+00, -1.17602e-02, 9.22890e-01, 8.95817e-03
1.48530e+00, 1.64714e+00, -1.29076e-02, 9.28180e-01, 1.94128e-02
1.49644e+00, 1.64714e+00, -1.50564e-02, 9.38086e-01, 3.36432e-02
1.50115e+00, 1.64714e+00, -1.59595e-02, 9.42266e-01, 4.12565e-02
1.51014e+00, 1.64714e+00, -1.77272e-02, 9.50259e-01, 5.75890e-02
1.51472e+00, 1.64714e+00, -1.86220e-02, 9.54334e-01, 6.62832e-02
1.51646e+00, 1.64714e+00, -1.89748e-02, 9.55882e-01, 6.93270e-02
1.52728e+00, 1.64714e+00, -2.11655e-02, 9.65498e-01, 1.02104e-01
1.52945e+00, 1.64714e+00, -2.16092e-02, 9.67433e-01, 1.10092e-01
1.54064e+00, 1.64714e+00, -2.39651e-02, 9.77382e-01, 1.44598e-01
1.54248e+00, 1.64714e+00, -2.43557e-02, 9.79013e-01, 1.45771e-01
1.55390e+00, 1.64714e+00, -2.67860e-02, 9.89169e-01, 1.83070e-01
1.55714e+00, 1.64714e+00, -2.75038e-02, 9.92054e-01, 2.02952e-01
1.56608e+00, 1.64714e+00, -2.94945e-02, 1.00000e+00, 2.27343e-01
